cam2 has 105 successful images
cam2 transformation matrix: [[ 0.42619733 -0.88820746 -0.17159062  0.0159651 ]
 [ 0.89708494  0.43941719 -0.0463803   0.00746603]
 [ 0.1165952  -0.1341642   0.98407598 -0.0411683 ]
 [ 0.          0.          0.          1.        ]]
cam1 transformation matrix: [[1. 0. 0. 0.]
 [0. 1. 0. 0.]
 [0. 0. 1. 0.]
 [0. 0. 0. 1.]]
cam0 has 77 successful images
cam0 transformation matrix: [[ 0.99968938  0.00575463 -0.02424925  0.23673638]
 [-0.00542859  0.99989427  0.01348998  0.0085418 ]
 [ 0.02432432 -0.01335415  0.99961492  0.01740462]
 [ 0.          0.          0.          1.        ]]
cam2 has RMS projection error to center: 0.08256049937592834, RMS projection error to ground truth: 0.08933687307162504. RMS error between center and ground truth: 0.0898997872639496
cam0 has RMS projection error to center: 0.03418669011681657, RMS projection error to ground truth: 0.09019391069193798. RMS error between center and ground truth: 0.09043163105743941
cam2 has 105 successful images
cam2 transformation matrix: [[ 0.24986172 -0.96787021 -0.02822025  0.02281688]
 [ 0.96777222  0.24867904  0.03969477 -0.01027296]
 [-0.0314016  -0.03722897  0.99881327 -0.0390769 ]
 [ 0.          0.          0.          1.        ]]
cam1 transformation matrix: [[1. 0. 0. 0.]
 [0. 1. 0. 0.]
 [0. 0. 1. 0.]
 [0. 0. 0. 1.]]
cam0 has 77 successful images
cam0 transformation matrix: [[ 0.99968938  0.00575463 -0.02424925  0.23673638]
 [-0.00542859  0.99989427  0.01348998  0.0085418 ]
 [ 0.02432432 -0.01335415  0.99961492  0.01740462]
 [ 0.          0.          0.          1.        ]]
cam2 has RMS projection error to center: [ 0.10118309  0.10205658 -0.0816574 ]
cam0 has RMS projection error to center: [ 0.00892059  0.05120357 -0.00544392]
