cam2 has 107 successful images
cam2 transformation matrix: [[ 0.99934583 -0.03481055  0.0098046  -0.22569996]
 [ 0.03496122  0.99926629 -0.01563968 -0.00754885]
 [-0.00925298  0.01597223  0.99982962 -0.00161409]
 [ 0.          0.          0.          1.        ]]
cam1 transformation matrix: [[1. 0. 0. 0.]
 [0. 1. 0. 0.]
 [0. 0. 1. 0.]
 [0. 0. 0. 1.]]
cam0 has 75 successful images
cam0 transformation matrix: [[ 0.99976121  0.0177878   0.01269327  0.2303042 ]
 [-0.01784819  0.99982985  0.00466065  0.00728273]
 [-0.01260821 -0.00488609  0.99990858 -0.02301578]
 [ 0.          0.          0.          1.        ]]
cam2 has RMS projection error to center: [ 0.01998622 -0.02727723 -0.01263982]
cam0 has RMS projection error to center: [ 0.08435428  0.03649424 -0.02543554]
cam2 has 107 successful images
cam2 transformation matrix: [[ 0.99934583 -0.03481055  0.0098046  -0.22569996]
 [ 0.03496122  0.99926629 -0.01563968 -0.00754885]
 [-0.00925298  0.01597223  0.99982962 -0.00161409]
 [ 0.          0.          0.          1.        ]]
cam1 transformation matrix: [[1. 0. 0. 0.]
 [0. 1. 0. 0.]
 [0. 0. 1. 0.]
 [0. 0. 0. 1.]]
cam0 has 75 successful images
cam0 transformation matrix: [[ 0.99976121  0.0177878   0.01269327  0.2303042 ]
 [-0.01784819  0.99982985  0.00466065  0.00728273]
 [-0.01260821 -0.00488609  0.99990858 -0.02301578]
 [ 0.          0.          0.          1.        ]]
cam2 has RMS projection error to center: [ 0.05334666 -0.05023701 -0.01660582]
cam0 has RMS projection error to center: [ 0.08779504  0.04431099 -0.01119581]
cam2 has 107 successful images
cam2 transformation matrix: [[ 0.99934583 -0.03481055  0.0098046  -0.22569996]
 [ 0.03496122  0.99926629 -0.01563968 -0.00754885]
 [-0.00925298  0.01597223  0.99982962 -0.00161409]
 [ 0.          0.          0.          1.        ]]
cam1 transformation matrix: [[1. 0. 0. 0.]
 [0. 1. 0. 0.]
 [0. 0. 1. 0.]
 [0. 0. 0. 1.]]
cam0 has 75 successful images
cam0 transformation matrix: [[ 0.99976121  0.0177878   0.01269327  0.2303042 ]
 [-0.01784819  0.99982985  0.00466065  0.00728273]
 [-0.01260821 -0.00488609  0.99990858 -0.02301578]
 [ 0.          0.          0.          1.        ]]
cam2 has RMS projection error to center: [ 0.05479108 -0.04780164 -0.01053765]
cam0 has RMS projection error to center: [ 0.07317263  0.03226088 -0.02566701]
cam2 has 107 successful images
cam2 transformation matrix: [[ 0.99934583 -0.03481055  0.0098046  -0.22569996]
 [ 0.03496122  0.99926629 -0.01563968 -0.00754885]
 [-0.00925298  0.01597223  0.99982962 -0.00161409]
 [ 0.          0.          0.          1.        ]]
cam1 transformation matrix: [[1. 0. 0. 0.]
 [0. 1. 0. 0.]
 [0. 0. 1. 0.]
 [0. 0. 0. 1.]]
cam0 has 75 successful images
cam0 transformation matrix: [[ 0.99976121  0.0177878   0.01269327  0.2303042 ]
 [-0.01784819  0.99982985  0.00466065  0.00728273]
 [-0.01260821 -0.00488609  0.99990858 -0.02301578]
 [ 0.          0.          0.          1.        ]]
cam2 has RMS projection error to center: [ 0.03385454 -0.04630504 -0.01982712]
cam0 has RMS projection error to center: [ 0.0375959   0.0167023  -0.02702342]
cam2 has 107 successful images
cam2 transformation matrix: [[ 0.99934583 -0.03481055  0.0098046  -0.22569996]
 [ 0.03496122  0.99926629 -0.01563968 -0.00754885]
 [-0.00925298  0.01597223  0.99982962 -0.00161409]
 [ 0.          0.          0.          1.        ]]
cam1 transformation matrix: [[1. 0. 0. 0.]
 [0. 1. 0. 0.]
 [0. 0. 1. 0.]
 [0. 0. 0. 1.]]
cam0 has 75 successful images
cam0 transformation matrix: [[ 0.99976121  0.0177878   0.01269327  0.2303042 ]
 [-0.01784819  0.99982985  0.00466065  0.00728273]
 [-0.01260821 -0.00488609  0.99990858 -0.02301578]
 [ 0.          0.          0.          1.        ]]
cam2 has RMS projection error to center: [ 0.0583042  -0.03792106 -0.00919916]
cam0 has RMS projection error to center: [ 0.04214279  0.01936175 -0.01803757]
cam2 has 107 successful images
cam2 transformation matrix: [[ 0.99934583 -0.03481055  0.0098046  -0.22569996]
 [ 0.03496122  0.99926629 -0.01563968 -0.00754885]
 [-0.00925298  0.01597223  0.99982962 -0.00161409]
 [ 0.          0.          0.          1.        ]]
cam1 transformation matrix: [[1. 0. 0. 0.]
 [0. 1. 0. 0.]
 [0. 0. 1. 0.]
 [0. 0. 0. 1.]]
cam0 has 75 successful images
cam0 transformation matrix: [[ 0.99976121  0.0177878   0.01269327  0.2303042 ]
 [-0.01784819  0.99982985  0.00466065  0.00728273]
 [-0.01260821 -0.00488609  0.99990858 -0.02301578]
 [ 0.          0.          0.          1.        ]]
cam2 has RMS projection error to center: [ 0.0030794  -0.02137802 -0.01885935]
cam0 has RMS projection error to center: [ 0.06635041  0.03215559 -0.01695643]
