cam2 has 107 successful images
cam2 has 107 successful images
cam2 has 107 successful images
cam2 has 107 successful images
cam2 has 107 successful images
cam2 has reprojection error: [0.52515083]
cam2 transformation matrix: [[ 0.99934583 -0.03481055  0.0098046  -0.22569996]
 [ 0.03496122  0.99926629 -0.01563968 -0.00754885]
 [-0.00925298  0.01597223  0.99982962 -0.00161409]
 [ 0.          0.          0.          1.        ]]
cam1 transformation matrix: [[1. 0. 0. 0.]
 [0. 1. 0. 0.]
 [0. 0. 1. 0.]
 [0. 0. 0. 1.]]
cam0 has 75 successful images
cam0 has reprojection error: [1.4601187]
cam0 transformation matrix: [[ 0.99976121  0.0177878   0.01269327  0.2303042 ]
 [-0.01784819  0.99982985  0.00466065  0.00728273]
 [-0.01260821 -0.00488609  0.99990858 -0.02301578]
 [ 0.          0.          0.          1.        ]]
cam2 has RMS projection error to center: [ 0.04644874 -0.01773259 -0.00690961]
cam0 has RMS projection error to center: [ 0.07062838  0.02935659 -0.0182954 ]
cam2 has 107 successful images
cam2 has reprojection error: [[ 0.15832003  1.67670304 -0.25957058]]
cam2 transformation matrix: [[ 0.99934583 -0.03481055  0.0098046  -0.22569996]
 [ 0.03496122  0.99926629 -0.01563968 -0.00754885]
 [-0.00925298  0.01597223  0.99982962 -0.00161409]
 [ 0.          0.          0.          1.        ]]
cam1 transformation matrix: [[1. 0. 0. 0.]
 [0. 1. 0. 0.]
 [0. 0. 1. 0.]
 [0. 0. 0. 1.]]
cam0 has 75 successful images
cam0 has reprojection error: [[ 4.76848407 -0.14240951 -0.24571845]]
cam0 transformation matrix: [[ 0.99976121  0.0177878   0.01269327  0.2303042 ]
 [-0.01784819  0.99982985  0.00466065  0.00728273]
 [-0.01260821 -0.00488609  0.99990858 -0.02301578]
 [ 0.          0.          0.          1.        ]]
cam2 has RMS projection error to center: [ 0.04581337 -0.03572666 -0.02106243]
cam0 has RMS projection error to center: [ 0.07149569  0.0233293  -0.01048275]
cam2 has 107 successful images
cam2 has reprojection error: [[ 0.15832003  1.67670304 -0.25957058]]
cam2 transformation matrix: [[ 0.99934583 -0.03481055  0.0098046  -0.22569996]
 [ 0.03496122  0.99926629 -0.01563968 -0.00754885]
 [-0.00925298  0.01597223  0.99982962 -0.00161409]
 [ 0.          0.          0.          1.        ]]
cam1 transformation matrix: [[1. 0. 0. 0.]
 [0. 1. 0. 0.]
 [0. 0. 1. 0.]
 [0. 0. 0. 1.]]
cam0 has 75 successful images
cam0 has reprojection error: [[ 4.76848407 -0.14240951 -0.24571845]]
cam0 transformation matrix: [[ 0.99976121  0.0177878   0.01269327  0.2303042 ]
 [-0.01784819  0.99982985  0.00466065  0.00728273]
 [-0.01260821 -0.00488609  0.99990858 -0.02301578]
 [ 0.          0.          0.          1.        ]]
cam2 has RMS projection error to center: [ 0.02583638 -0.02931814 -0.01540545]
cam0 has RMS projection error to center: [ 0.03579751  0.01902375 -0.02198479]
cam2 has 107 successful images
cam2 has reprojection error: [[-0.03324831]
 [ 0.00023311]
 [-0.02239383]]
cam2 has reprojection error: [[0.02277876]
 [0.02108095]
 [0.01629932]]
cam2 transformation matrix: [[ 0.99934583 -0.03481055  0.0098046  -0.22569996]
 [ 0.03496122  0.99926629 -0.01563968 -0.00754885]
 [-0.00925298  0.01597223  0.99982962 -0.00161409]
 [ 0.          0.          0.          1.        ]]
cam1 transformation matrix: [[1. 0. 0. 0.]
 [0. 1. 0. 0.]
 [0. 0. 1. 0.]
 [0. 0. 0. 1.]]
cam0 has 75 successful images
cam0 has reprojection error: [[ 0.01046841]
 [-0.00464916]
 [ 0.0005419 ]]
cam0 has reprojection error: [[0.01499517]
 [0.0155808 ]
 [0.01878705]]
cam0 transformation matrix: [[ 0.99976121  0.0177878   0.01269327  0.2303042 ]
 [-0.01784819  0.99982985  0.00466065  0.00728273]
 [-0.01260821 -0.00488609  0.99990858 -0.02301578]
 [ 0.          0.          0.          1.        ]]
cam2 has RMS projection error to center: [ 0.00604146 -0.04527581 -0.00810691]
cam0 has RMS projection error to center: [ 0.06229777  0.02643698 -0.02455229]
cam2 has 107 successful images
cam2 has reprojection error mean: [[-0.03324831]
 [ 0.00023311]
 [-0.02239383]]
cam2 has reprojection error std: [[0.02277876]
 [0.02108095]
 [0.01629932]]
cam2 transformation matrix: [[ 0.99934583 -0.03481055  0.0098046  -0.22569996]
 [ 0.03496122  0.99926629 -0.01563968 -0.00754885]
 [-0.00925298  0.01597223  0.99982962 -0.00161409]
 [ 0.          0.          0.          1.        ]]
cam1 transformation matrix: [[1. 0. 0. 0.]
 [0. 1. 0. 0.]
 [0. 0. 1. 0.]
 [0. 0. 0. 1.]]
cam0 has 75 successful images
cam0 has reprojection error mean: [[ 0.01046841]
 [-0.00464916]
 [ 0.0005419 ]]
cam0 has reprojection error std: [[0.01499517]
 [0.0155808 ]
 [0.01878705]]
cam0 transformation matrix: [[ 0.99976121  0.0177878   0.01269327  0.2303042 ]
 [-0.01784819  0.99982985  0.00466065  0.00728273]
 [-0.01260821 -0.00488609  0.99990858 -0.02301578]
 [ 0.          0.          0.          1.        ]]
cam2 has RMS projection error to center: [ 0.03136781 -0.05656067 -0.01868716]
cam0 has RMS projection error to center: [ 0.02625116  0.02216095 -0.01950395]
cam2 has 107 successful images
cam2 has reprojection error mean: [[-0.03324831]
 [ 0.00023311]
 [-0.02239383]]
cam2 has reprojection error std: [[0.02277876]
 [0.02108095]
 [0.01629932]]
cam2 transformation matrix: [[ 0.99934583 -0.03481055  0.0098046  -0.22569996]
 [ 0.03496122  0.99926629 -0.01563968 -0.00754885]
 [-0.00925298  0.01597223  0.99982962 -0.00161409]
 [ 0.          0.          0.          1.        ]]
cam1 transformation matrix: [[1. 0. 0. 0.]
 [0. 1. 0. 0.]
 [0. 0. 1. 0.]
 [0. 0. 0. 1.]]
cam0 has 75 successful images
cam0 has reprojection error mean: [[ 0.01046841]
 [-0.00464916]
 [ 0.0005419 ]]
cam0 has reprojection error std: [[0.01499517]
 [0.0155808 ]
 [0.01878705]]
cam0 transformation matrix: [[ 0.99976121  0.0177878   0.01269327  0.2303042 ]
 [-0.01784819  0.99982985  0.00466065  0.00728273]
 [-0.01260821 -0.00488609  0.99990858 -0.02301578]
 [ 0.          0.          0.          1.        ]]
cam2 has RMS projection error to center: [ 0.00604146 -0.04527581 -0.00810691]
cam0 has RMS projection error to center: [ 0.06457263  0.01961496 -0.01503842]
